0.00032510738267172974
0.00032510738267167217
0.00032510738267175934
0.0003251073826717669
0.000325107382671768
0.00031873306400011795
0.0003251073826716362
0.0003251073826716723
0.00031873306400005794
0.0003251073826717011
0.00032510738267170307
0.00032510738267172145
0.00031873306400013475
0.0003251073826717476
0.0003251073826716762
0.0003251073826717278
0.0003251073826716875
0.00031873306400009214
0.00032510738267171104
0.0003251073826717383
0.0003251073826717303
0.000325107382671775
0.0003251073826716447
0.00032510738267172947
0.0003251073826717036
0.00032510738267172676
0.00032510738267171825
0.0003187330640001078
0.0003251073826716592
0.0003251073826717344
0.0003251073826717209
0.0003251073826716841
0.00032510738267170594
0.00032510738267165054
0.0003251073826716795
0.0003187330640001298
0.00032510738267170497
0.00032510738267167965
0.00032510738267165694
0.0003187330640000285
0.0003251073826716754
0.00032510738267163135
0.00032510738267170513
0.00032510738267168984
0.00032510738267168084
0.0003251073826717537
0.00032510738267163314
0.00031873306400013015
0.00032510738267174893
0.0003251073826717453
0.0003251073826716638
0.00032510738267170556
0.0003251073826717045
0.00032510738267180553
0.00032510738267166664
0.00031873306400009675
0.0003251073826717348
0.000325107382671711
0.0003251073826717171
0.0003251073826717091
0.0003251073826716735
0.0003251073826717333
0.0003187330640000881
0.0003251073826716743
0.0009351042188806751
0.0009351042188806626
0.0009351042188806148
0.0009459758173263415
0.000935104218880628
0.0009459758173263632
0.0009459758173262839
0.0009351042188806477
0.000935104218880604
0.000945975817326373
0.0009459758173263958
0.0009351042188806318
0.0009459758173263587
0.0009351042188806344
0.0009351042188806224
0.0009459758173263588
0.0009351042188805921
0.000945975817326276
0.0009351042188806097
0.0009459758173262857
0.0009459758173263632
0.000935104218880553
0.0009459758173262605
0.0009351042188805886
0.0009351042188806499
0.0009459758173263309
0.0009459758173263331
0.0009351042188805796
0.0009459758173262988
0.0009351042188805869
0.0009351042188806388
0.0009459758173263681
0.00033798095976321567
0.00034448021742320773
0.0003444802174231916
0.00033798095976317913
0.00034448021742317374
0.0003379809597631423
0.0003444802174232173
0.00034448021742323906
0.0003379809597632519
0.00034448021742316853
0.0003444802174231764
0.00033798095976323014
0.00034448021742318913
0.00033798095976314763
0.0003444802174231994
0.00033798095976315934
0.00034448021742321185
0.0003379809597631806
0.0003444802174231861
0.00034448021742319163
0.0003379809597632098
0.00034448021742314555
0.00034448021742315
0.0003379809597632204
0.00034448021742323895
0.00033798095976324315
0.0003379809597631847
0.0003444802174231985
0.0003444802174231894
0.00033798095976327747
0.0003444802174232483
0.00034448021742323364
0.0003379809597632076
0.00034448021742319195
0.0003379809597631918
0.0003444802174231769
0.00033798095976315685
0.0003444802174231528
0.00033798095976323307
0.0003444802174231458
0.00034448021742318263
0.00033798095976315457
0.0003444802174232617
0.00033798095976319886
0.00034448021742315574
0.00034448021742323456
0.0003379809597632022
0.00034448021742322296
0.0003379809597632057
0.0003444802174231713
0.0003444802174231914
0.00033798095976312486
0.00034448021742314864
0.00033798095976318195
0.00033798095976319924
0.000344480217423089
0.0003444802174232276
0.0003379809597632785
0.000337980959763283
0.0003444802174232549
0.00033798095976319404
0.0003444802174231875
0.0003444802174232029
0.0003444802174232244
0.0008301351133111332
0.0008200129052950336
0.0008200129052950265
0.0008301351133110559
0.000820012905294942
0.0008301351133110508
0.0008301351133110578
0.0008301351133110785
0.000830135113311141
0.0008200129052949748
0.0008301351133110354
0.0008200129052949887
0.0008301351133110825
0.0008301351133110915
0.0008301351133111087
0.000820012905295022
0.0008301351133110771
0.0008301351133110667
0.000820012905294994
0.0008301351133110854
0.0008301351133111005
0.0008200129052950086
0.0008200129052949606
0.0008301351133110082
0.0008301351133110216
0.0008301351133110483
0.0008301351133110071
0.0008200129052949371
0.0008200129052950067
0.0008301351133110456
0.000820012905294972
0.0008301351133111211
0.0004960839780220875
0.0004882102657127685
0.00048821026571275555
0.00048821026571284283
0.0004882102657128056
0.00048821026571279
0.0004960839780221364
0.0004882102657128474
0.000496083978022133
0.00048821026571277317
0.0004882102657127628
0.00048821026571278374
0.00048821026571278174
0.0004960839780220207
0.0004882102657128291
0.0004882102657128465
0.00048821026571278504
0.0004882102657127674
0.0004882102657127508
0.0004960839780220756
0.00048821026571281014
0.0004960839780221246
0.000488210265712801
0.0004882102657127761
0.0004882102657127299
0.0004882102657127685
0.0004960839780220242
0.0004882102657127712
0.00048821026571274135
0.0004960839780221211
0.0004882102657127663
0.0004882102657128261
0.00048821026571281274
0.0004882102657127582
0.00048821026571270877
0.0004960839780220627
0.0004882102657127898
0.0004882102657127431
0.00048821026571275723
0.0004960839780220764
0.00048821026571272606
0.00048821026571277463
0.0004882102657127752
0.0004960839780220357
0.0004882102657127634
0.0004882102657128054
0.0004960839780221296
0.0004882102657127532
0.0004882102657127971
0.00048821026571280423
0.0004882102657127983
0.0004960839780220914
0.00048821026571277415
0.0004882102657127444
0.0004960839780220984
0.00048821026571277675
0.0004882102657127743
0.0004960839780220634
0.00048821026571278147
0.000488210265712769
0.0004882102657127797
0.0004960839780221567
0.0004882102657127749
0.0004882102657127797
0.0004960839780221022
0.00048821026571273934
0.00048821026571271744
0.00048821026571275707
0.00048821026571284706
0.0004882102657127889
0.00048821026571277187
0.0004960839780221043
0.00048821026571283475
0.0004882102657127219
0.0004960839780221022
0.00048821026571276954
0.0004960839780220054
0.0004882102657127635
0.00048821026571275837
0.0004882102657127577
0.0004882102657127965
0.00048821026571275637
0.00048821026571280776
0.0004960839780220022
0.0004882102657128104
0.00048821026571283866
0.0004960839780220898
0.0004882102657127675
0.00048821026571279556
0.00048821026571276596
0.00048821026571274097
0.0004960839780221663
0.0004882102657127893
0.0004960839780221344
0.000488210265712832
0.00048821026571278277
0.000496083978022154
0.0004882102657127817
0.00048821026571268345
0.00048821026571276
0.0004960839780220942
0.0004882102657127689
0.0004960839780221947
0.00048821026571282126
0.00048821026571281405
0.0004882102657127618
0.0004960839780220894
0.0004882102657127595
0.0004960839780221388
0.00048821026571283486
0.0004882102657127382
0.0004882102657127529
0.0004960839780221803
0.0004882102657127055
0.00048821026571274715
0.000488210265712803
0.0004960839780220758
0.0004882102657127702
0.00048821026571275284
0.00048821026571284554
0.00048821026571279654
0.00048821026571276265
0.0004960839780221138
0.00048821026571276087
0.000488210265712785
0.0004960839780221381
0.0004882102657127375
0.0004882102657127255
