0.0817864396717623
0.08188552090275458
0.08178643967176233
0.08188552090275455
0.0595178011544053
0.05960282244747576
0.059602822447475765
0.05960282244747585
0.08619884633220312
0.08630044646254066
0.08619884633220318
0.08619884633220326
0.05242909923831933
0.05242909923831935
0.05242909923831923
0.0524290992383193
0.031211401377954293
0.03121140137795433
0.03121140137795436
0.03121140137795437
0.03121140137795435
0.031211401377954306
0.031211401377954324
0.031211401377954365
0.03121140137795433
0.031211401377954324
0.03121140137795423
0.031211401377954258
0.03127337255317774
0.031211401377953883
0.03121140137795474
0.03121140137795384
